accuracy : 0.5185829167572267
precision : 0.48760330578512395
recall : 0.02667269439421338
f1 : 0.050578654093441915
