accuracy : 0.5220604216474679
precision : 0.5016966849386583
recall : 0.8688969258589512
f1 : 0.6361078934304153
