accuracy : 0.49380569441425776
precision : 0.4863668142624097
recall : 0.9434900542495479
f1 : 0.641857604182685
