accuracy : 0.4953271028037383
precision : 0.4877560106856634
recall : 0.990506329113924
f1 : 0.6536396181384249
