accuracy : 0.5005433601391002
precision : 0.4903327338129496
recall : 0.9859855334538878
f1 : 0.6549549549549549
