accuracy : 0.5029341447511411
precision : 0.4909834094734311
recall : 0.9231464737793852
f1 : 0.6410296656725789
