accuracy : 0.5192349489241469
precision : 0.5
recall : 0.9520795660036167
f1 : 0.6556662515566625
