accuracy : 0.5181482286459466
precision : 0.4988753936122357
recall : 0.5013562386980108
f1 : 0.5001127395715896
