accuracy : 0.505324929363182
precision : 0.492156862745098
recall : 0.9077757685352622
f1 : 0.6382708200890019
