accuracy : 0.5077157139752227
precision : 0.492757584039355
recall : 0.8150994575045208
f1 : 0.6142054164537558
