accuracy : 0.5287980873723104
precision : 0.5093299406276506
recall : 0.5429475587703436
f1 : 0.525601750547046
