accuracy : 0.5011953923060204
precision : 0.49019607843137253
recall : 0.9380650994575045
f1 : 0.6439100077579519
