accuracy : 0.5001086720278201
precision : 0.49013452914798206
recall : 0.9882459312839059
f1 : 0.6552757793764988
