accuracy : 0.5201043251467072
precision : 0.5004699248120301
recall : 0.9629294755877035
f1 : 0.6586270871985157
