accuracy : 0.5366224733753532
precision : 0.5163800163800164
recall : 0.5700723327305606
f1 : 0.5418994413407822
