accuracy : 0.49489241469245815
precision : 0.48717948717948717
recall : 0.9620253164556962
f1 : 0.6468085106382978
