accuracy : 0.5385785698761139
precision : 0.517161588893174
recall : 0.60623869801085
f1 : 0.5581685744016651
