accuracy : 0.5183655727015866
precision : 0.49946294307196565
recall : 0.840867992766727
f1 : 0.6266846361185985
