accuracy : 0.5474896761573571
precision : 0.5242175856929955
recall : 0.6360759493670886
f1 : 0.5747549019607843
