accuracy : 0.5218430775918279
precision : 0.502135231316726
recall : 0.6378842676311031
f1 : 0.5619275189167663
