accuracy : 0.5244512062595088
precision : 0.5030241935483871
recall : 0.9023508137432188
f1 : 0.6459546925566344
