accuracy : 0.4955444468593784
precision : 0.48717948717948717
recall : 0.9362567811934901
f1 : 0.6408788488318118
