accuracy : 0.505324929363182
precision : 0.4927437641723356
recall : 0.9823688969258589
f1 : 0.6562971911809121
