accuracy : 0.508367746142143
precision : 0.4943155979990905
recall : 0.9828209764918626
f1 : 0.6577912254160363
