accuracy : 0.4935883503586177
precision : 0.48630454967502323
recall : 0.9471066907775768
f1 : 0.6426380368098159
