accuracy : 0.5477070202129972
precision : 0.5264219443323921
recall : 0.5899638336347197
f1 : 0.5563845661905776
