accuracy : 0.49663116713757877
precision : 0.4880349746893695
recall : 0.9588607594936709
f1 : 0.646843549862763
