accuracy : 0.5303194957617909
precision : 0.5119549929676512
recall : 0.4936708860759494
f1 : 0.5026467203682394
