accuracy : 0.5244512062595088
precision : 0.5083798882681564
recall : 0.3291139240506329
f1 : 0.3995609220636663
